B 000000101112222222222332312121222222232233344444444566666666666666666666666666667666667
4 223232323223232323223232322310000000000766662222222222226666665444444444457666767676766767676766767676
9 00010111222222222232222222222222222223334444445465566622121101000077776666666666666544444444455665666666676677007
1 22222222222222222222222222222222215666666666666666666666666666666666
B 00001001012122222222223323111222222222222334444444444566666666666666666666666666666666677
H 22222222222222221000000000000766666666666666622222222222222231222222222222222226666666666666666654444444444443222222222222222222666666666666666666666666666666666666
0 010011121222222222222222222222222233324344454565656666666656666666666666676677707
P 0000001000000000000001010117002232212222222222222222222322232333434344444444444444444444432222222222222232222222222222222222222222222666666666666666666666666666676666666666666666666666666666666666666666666666666666667
F 00000000000000000000000000000444444444444444444444444444443322222222222222222222222222222222222222210000000000000000000000001000001115554444454444444444444444444444443222222222222322222222222222222222222222266666666666666666666666666676666666666666666666666666666666666666666666666666666677
R 0000000000000000000100100111076012443122212222222222222222322223232333433222222122212221222122212222122221222212222122665666656666566665666656665666566656665666665444444444444444444443322222222222222222222222222222222222222222666666666666666666666666666666666666666667656666666666666666666666666676666666666666
9 000010000111121112222122222222222222222222222222222222322222122222222223122323122222323323432310234665444444444444545455556566662222111111011000000000000076777776676665446600776544660076666666665534434444443444544445443344556666756656666566666666666666666666766676667667760707700007
8 00000010001110112121222222122222222232222222322323322321211121221222222221222232222222232233334344344444444544545455655665665666666666666676676676546600077666566565565665666666566666666667667676676546702170700007
0 000000100001011121211222122222221222222222222222222212222222222222222222222223122232223222323343344434444444454443224465446607655553244660076566666666666665666666666666666666666666566666666666666666666676667667667770007007
2 015343232122222213233122156554454444444444000000000010070767566666544370767677
B 22222222222222222222222222322232221001221000000000000000070076676700767754466000765444000766676656666544665621210022222122322222224312323343332234434444444444444444344446666756667666766666666666666666666666666
